[0m [38;2;0;0;0m                                   [0m
 [38;2;0;0;0m                 [0m [38;2;170;87;9m▂[38;2;199;109;26m▃[38;2;76;88;90m▖              [0m
 [38;2;0;0;0m           [0m [38;2;219;113;11m▁[38;2;201;103;10m▃[38;2;223;115;11m▄[38;2;224;116;17m▅[38;2;191;110;36m▇[38;2;108;111;125;48;2;223;115;13m▃[38;2;100;113;135;48;2;218;115;22m▄[38;2;178;116;60;48;2;94;142;169m▘[0m[38;2;85;152;185m▎              [0m
 [38;2;0;0;0m     [0m [38;2;200;102;10m▁[38;2;188;97;10m▃[38;2;215;110;11m▄[38;2;225;116;12m▅[38;2;205;112;27m▆[38;2;184;114;52;48;2;184;94;9m▇[38;2;145;95;56;48;2;221;113;11m▖[0m[7m[38;2;208;107;11m▅[38;2;227;116;12m▇[0m[38;2;94;109;130m▝[38;2;55;64;77;48;2;99;114;136m▂[48;2;100;115;138m  [38;2;89;111;134;48;2;88;157;192m▍[0m[38;2;82;146;179m▎              [0m
 [38;2;0;0;0m     [7m[38;2;228;117;11m▊[0m[38;2;231;119;12;48;2;183;94;9m▉[38;2;105;109;123;48;2;228;117;12m▅[38;2;99;112;133;48;2;206;108;18m▆[38;2;99;114;137;48;2;136;87;53m▇[38;2;87;101;122;48;2;94;109;131m╴[38;2;100;115;138;48;2;79;91;109m▉[0m[7m[38;2;214;110;11m▍[0m [38;2;41;21;2m  [0m [7m[38;2;79;91;109m▅[38;2;93;107;129m▂[0m[38;2;97;113;136;48;2;88;156;190m▎[0m[38;2;69;123;150m▎[38;2;218;112;11m▃[38;2;212;109;11m▃[0m [38;2;0;0;0m           [0m
 [38;2;0;0;0m     [7m[38;2;185;95;9m▊[0m[38;2;231;119;12;48;2;188;96;9m▉[38;2;95;84;92;48;2;99;114;137m▏[48;2;100;115;138m  [0m[38;2;90;104;125m▊[38;2;76;88;105m▊[7m[38;2;215;110;11m▍[0m [38;2;53;27;2m     [7m[38;2;88;158;192m▎[0m[38;2;155;80;8m▝[7m[38;2;219;112;11m▁[38;2;216;111;11m▁[0m[38;2;129;66;7m▘           [0m
 [38;2;0;0;0m     [7m[38;2;207;106;10m▉[0m[38;2;7;3;0;48;2;232;119;12m [38;2;86;63;54;48;2;98;113;135m▏[48;2;100;115;138m  [38;2;100;115;138;48;2;95;109;131m┈[0m [38;2;163;83;8m▝[0m [38;2;134;70;11m▂[38;2;155;120;81m▅[7m[38;2;145;122;88m▁[38;2;145;125;93m▁[0m[38;2;89;159;194;48;2;183;117;52m╴[38;2;232;119;12;48;2;213;121;47m▇[48;2;201;104;15m▇[0m[38;2;222;114;11m▇[38;2;225;116;12m▅[38;2;227;117;12m▃[38;2;189;97;10m▂[0m [38;2;0;0;0m         [0m
 [38;2;0;0;0m     [7m[38;2;146;75;7m▉[0m[38;2;216;111;11;48;2;232;119;12m▏[38;2;52;60;72;48;2;100;99;108m▗[0m[7m[38;2;87;101;121m▄[38;2;81;94;113m▆[0m [38;2;0;0;0m [0m [38;2;102;102;98m╼[7m[38;2;123;114;98m▅[38;2;45;80;98m▇[0m [38;2;185;95;9m▄[38;2;232;119;12;48;2;228;117;12m┈[48;2;232;119;12m  [0m[7m[38;2;223;114;11m▗[38;2;231;119;12m▆[38;2;232;119;12m▆[38;2;229;118;12m▅[38;2;216;111;11m▄[0m[38;2;225;115;11m━[38;2;200;102;10m╾[0m [38;2;0;0;0m      [0m
 [38;2;0;0;0m     [0m [38;2;190;97;9;48;2;232;119;12m▏[38;2;180;92;9;48;2;101;111;131m▏[38;2;100;115;138;48;2;99;114;137m┈[0m[38;2;98;113;136m▇[38;2;81;93;112m▆[38;2;121;103;100m▁[0m [38;2;79;40;4m  [0m [7m[38;2;208;106;11m▘[0m[38;2;27;14;1;48;2;232;119;12m  [38;2;185;127;67;48;2;227;119;17m▁[0m[7m[38;2;195;100;10m▅[0m [38;2;0;0;0m             [0m
 [38;2;0;0;0m      [38;2;139;71;7;48;2;230;118;12m▏[38;2;190;106;32;48;2;117;110;113m▂[38;2;192;110;39;48;2;104;113;131m▃[38;2;223;115;15;48;2;114;109;114m╼[38;2;106;111;127;48;2;167;109;62m▄[0m[7m[38;2;139;104;78m▗[0m [38;2;0;0;0m [38;2;149;76;8m▗[7m[38;2;223;117;17m▘[0m[38;2;108;150;168;48;2;215;122;35m▃[38;2;91;158;190;48;2;163;133;100m▆[38;2;99;155;181;48;2;195;126;57m▅[38;2;150;142;122;48;2;222;120;24m▖[0m[38;2;200;103;10m▄[0m [38;2;0;0;0m             [0m
 [38;2;0;0;0m      [7m[38;2;224;115;12m▏[0m[38;2;191;106;33;48;2;114;111;119m▎[38;2;100;115;138;48;2;100;114;137m┈[48;2;96;110;132m┈[0m[7m[38;2;85;98;118m▄[0m  [38;2;176;94;17m▄[38;2;165;133;93;48;2;187;96;10m▇[0m[7m[38;2;106;139;150m▂[38;2;71;127;155m▅[38;2;63;114;139m▇[38;2;80;144;176m▅[0m[38;2;89;159;194;48;2;99;156;184m┈[38;2;108;146;167;48;2;196;119;44m╴[0m[7m[38;2;163;84;8m▃[0m [38;2;0;0;0m            [0m
 [38;2;0;0;0m      [7m[38;2;229;118;12m▎[0m[38;2;202;107;18;48;2;104;113;133m▎[0m[7m[38;2;92;106;127m▗[0m[38;2;63;73;87m▘ [0m [7m[38;2;158;102;48m▚[38;2;116;129;126m▄[38;2;58;103;126m▇[0m[38;2;4;8;10m  [38;2;106;122;127m▗[7m[38;2;116;125;121m▂[0m[38;2;81;135;161;48;2;177;123;71m▄[0m [38;2;3;2;0m              [0m
 [38;2;0;0;0m      [7m[38;2;221;113;11m▎[0m[38;2;228;117;12m▎[0m [38;2;0;0;0m [0m  [38;2;59;97;117m▁[0m [38;2;0;0;0m  [0m [7m[38;2;108;82;55m▆[38;2;67;120;146m▉[0m[38;2;89;158;193m▊               [0m
 [38;2;0;0;0m      [7m[38;2;229;118;12m▍[0m[38;2;138;111;94m▅[38;2;98;113;136m▅[38;2;96;111;133m▄[38;2;81;94;113m▃[38;2;90;104;125m▗[38;2;100;116;139;48;2;88;130;158m╴[0m[38;2;51;92;112m▏[0m [38;2;72;128;157m▃[38;2;86;153;187m▄[7m[38;2;63;113;138m▁[38;2;79;141;172m▃[38;2;63;113;138m▅[0m[38;2;2;3;4m               [0m
 [38;2;0;0;0m      [7m[38;2;218;112;11m▍[0m[38;2;211;113;24;48;2;104;112;131m▍[48;2;100;115;138m  [38;2;56;66;79;48;2;90;107;129m▝[38;2;98;113;136;48;2;93;124;150m┈[38;2;81;104;126;48;2;89;145;176m╹[0m[7m[38;2;69;123;150m▂[38;2;85;152;185m▄[38;2;71;126;154m▅[0m [38;2;1;1;2m                  [0m
 [38;2;0;0;0m      [7m[38;2;230;118;12m▌[0m[38;2;214;118;27;48;2;104;127;148m▍[38;2;85;141;172;48;2;91;132;160m┈[0m[7m[38;2;87;138;168m▂[38;2;85;150;184m▄[38;2;83;148;180m▆[0m [38;2;0;1;1m                      [0m
 [38;2;0;0;0m      [38;2;151;104;60m▝[7m[38;2;83;139;168m▆[0m [38;2;0;0;0m                          [0m
 [38;2;0;0;0m                                   [0m
